calib_time: 27-Nov-2025 15:35:08
corner_dist: 1.000000e-01
S_00: 1.392000e+03 5.120000e+02
K_00: 1.019234e+03 0.000000e+00 6.935149e+02 0.000000e+00 9.910975e+02 2.552404e+02 0.000000e+00 0.000000e+00 1.000000e+00
D_00: -3.851789e-01 2.208790e-01 0.000000e+00 0.000000e+00 0.000000e+00
R_00: 1.000000e+00 0.000000e+00 0.000000e+00 0.000000e+00 1.000000e+00 0.000000e+00 0.000000e+00 0.000000e+00 1.000000e+00
T_00: 0.000000e+00 0.000000e+00 0.000000e+00
S_rect_00: 1.392000e+03 5.120000e+02
R_rect_00: 9.995770e-01 2.087201e-04 -2.908337e-02 -2.311634e-04 9.999997e-01 -7.683297e-04 2.908320e-02 7.747277e-04 9.995767e-01
P_rect_00: 9.676439e+02 0.000000e+00 7.283788e+02 0.000000e+00 0.000000e+00 9.676439e+02 2.553438e+02 0.000000e+00 0.000000e+00 0.000000e+00 1.000000e+00 0.000000e+00
S_01: 1.392000e+03 5.120000e+02
K_01: 9.596868e+02 0.000000e+00 6.951952e+02 0.000000e+00 9.378384e+02 2.552403e+02 0.000000e+00 0.000000e+00 1.000000e+00
D_01: -3.846951e-01 2.682725e-01 0.000000e+00 0.000000e+00 0.000000e+00
R_01: 9.996366e-01 2.175867e-02 -1.591125e-02 -2.177820e-02 9.997623e-01 -1.055239e-03 1.588451e-02 1.401374e-03 9.998729e-01
T_01: -5.549092e-01 1.195080e-02 7.328019e-03
S_rect_01: 1.392000e+03 5.120000e+02
R_rect_01: 9.996810e-01 -2.152963e-02 -1.320159e-02 2.153981e-02 9.997678e-01 6.294694e-04 1.318497e-02 -9.136283e-04 9.999127e-01
P_rect_01: 9.676439e+02 0.000000e+00 7.283788e+02 -5.371258e+02 0.000000e+00 9.676439e+02 2.553438e+02 0.000000e+00 0.000000e+00 0.000000e+00 1.000000e+00 0.000000e+00
S_02: 1.392000e+03 5.120000e+02
K_02: 1.019234e+03 0.000000e+00 6.935149e+02 0.000000e+00 9.910975e+02 2.552404e+02 0.000000e+00 0.000000e+00 1.000000e+00
D_02: -3.851789e-01 2.208790e-01 0.000000e+00 0.000000e+00 0.000000e+00
R_02: 1.000000e+00 0.000000e+00 0.000000e+00 0.000000e+00 1.000000e+00 0.000000e+00 0.000000e+00 0.000000e+00 1.000000e+00
T_02: 0.000000e+00 0.000000e+00 0.000000e+00
S_rect_02: 1.392000e+03 5.120000e+02
R_rect_02: 9.995770e-01 2.087201e-04 -2.908337e-02 -2.311634e-04 9.999997e-01 -7.683297e-04 2.908320e-02 7.747277e-04 9.995767e-01
P_rect_02: 9.676439e+02 0.000000e+00 7.283788e+02 0.000000e+00 0.000000e+00 9.676439e+02 2.553438e+02 0.000000e+00 0.000000e+00 0.000000e+00 1.000000e+00 0.000000e+00
S_03: 1.392000e+03 5.120000e+02
K_03: 9.596868e+02 0.000000e+00 6.951952e+02 0.000000e+00 9.378384e+02 2.552403e+02 0.000000e+00 0.000000e+00 1.000000e+00
D_03: -3.846951e-01 2.682725e-01 0.000000e+00 0.000000e+00 0.000000e+00
R_03: 9.996366e-01 2.175867e-02 -1.591125e-02 -2.177820e-02 9.997623e-01 -1.055239e-03 1.588451e-02 1.401374e-03 9.998729e-01
T_03: -5.549092e-01 1.195080e-02 7.328019e-03
S_rect_03: 1.392000e+03 5.120000e+02
R_rect_03: 9.996810e-01 -2.152963e-02 -1.320159e-02 2.153981e-02 9.997678e-01 6.294694e-04 1.318497e-02 -9.136283e-04 9.999127e-01
P_rect_03: 9.676439e+02 0.000000e+00 7.283788e+02 -5.371258e+02 0.000000e+00 9.676439e+02 2.553438e+02 0.000000e+00 0.000000e+00 0.000000e+00 1.000000e+00 0.000000e+00
