calib_time: 23-Nov-2025 21:08:21
corner_dist: 1.000000e-01
S_00: 1.392000e+03 5.120000e+02
K_00: 1.010181e+03 0.000000e+00 6.935149e+02 0.000000e+00 9.822946e+02 2.552404e+02 0.000000e+00 0.000000e+00 1.000000e+00
D_00: -3.904759e-01 2.468074e-01 0.000000e+00 0.000000e+00 0.000000e+00
R_00: 1.000000e+00 0.000000e+00 0.000000e+00 0.000000e+00 1.000000e+00 0.000000e+00 0.000000e+00 0.000000e+00 1.000000e+00
T_00: 0.000000e+00 0.000000e+00 0.000000e+00
S_rect_00: 1.392000e+03 5.120000e+02
R_rect_00: 9.991774e-01 6.545280e-03 -4.002144e-02 -6.568134e-03 9.999783e-01 -4.395736e-04 4.001770e-02 7.020782e-04 9.991987e-01
P_rect_00: 7.720706e+02 0.000000e+00 7.462558e+02 0.000000e+00 0.000000e+00 7.720706e+02 2.552697e+02 0.000000e+00 0.000000e+00 0.000000e+00 1.000000e+00 0.000000e+00
S_01: 1.392000e+03 5.120000e+02
K_01: 9.515830e+02 0.000000e+00 6.951952e+02 0.000000e+00 9.299191e+02 2.552403e+02 0.000000e+00 0.000000e+00 1.000000e+00
D_01: -3.877098e-01 3.000102e-01 0.000000e+00 0.000000e+00 0.000000e+00
R_01: 9.996538e-01 2.158330e-02 -1.504889e-02 -2.159472e-02 9.997666e-01 -5.967480e-04 1.503250e-02 9.215180e-04 9.998866e-01
T_01: -5.630829e-01 8.455086e-03 1.407784e-02
S_rect_01: 1.392000e+03 5.120000e+02
R_rect_01: 9.995750e-01 -1.500932e-02 -2.499074e-02 1.502359e-02 9.998871e-01 3.832388e-04 2.498216e-02 -7.585266e-04 9.996876e-01
P_rect_01: 7.720706e+02 0.000000e+00 7.462558e+02 -4.349246e+02 0.000000e+00 7.720706e+02 2.552697e+02 0.000000e+00 0.000000e+00 0.000000e+00 1.000000e+00 0.000000e+00
S_02: 1.392000e+03 5.120000e+02
K_02: 1.010181e+03 0.000000e+00 6.935149e+02 0.000000e+00 9.822946e+02 2.552404e+02 0.000000e+00 0.000000e+00 1.000000e+00
D_02: -3.904759e-01 2.468074e-01 0.000000e+00 0.000000e+00 0.000000e+00
R_02: 1.000000e+00 0.000000e+00 0.000000e+00 0.000000e+00 1.000000e+00 0.000000e+00 0.000000e+00 0.000000e+00 1.000000e+00
T_02: 0.000000e+00 0.000000e+00 0.000000e+00
S_rect_02: 1.392000e+03 5.120000e+02
R_rect_02: 9.991774e-01 6.545280e-03 -4.002144e-02 -6.568134e-03 9.999783e-01 -4.395736e-04 4.001770e-02 7.020782e-04 9.991987e-01
P_rect_02: 7.720706e+02 0.000000e+00 7.462558e+02 0.000000e+00 0.000000e+00 7.720706e+02 2.552697e+02 0.000000e+00 0.000000e+00 0.000000e+00 1.000000e+00 0.000000e+00
S_03: 1.392000e+03 5.120000e+02
K_03: 9.515830e+02 0.000000e+00 6.951952e+02 0.000000e+00 9.299191e+02 2.552403e+02 0.000000e+00 0.000000e+00 1.000000e+00
D_03: -3.877098e-01 3.000102e-01 0.000000e+00 0.000000e+00 0.000000e+00
R_03: 9.996538e-01 2.158330e-02 -1.504889e-02 -2.159472e-02 9.997666e-01 -5.967480e-04 1.503250e-02 9.215180e-04 9.998866e-01
T_03: -5.630829e-01 8.455086e-03 1.407784e-02
S_rect_03: 1.392000e+03 5.120000e+02
R_rect_03: 9.995750e-01 -1.500932e-02 -2.499074e-02 1.502359e-02 9.998871e-01 3.832388e-04 2.498216e-02 -7.585266e-04 9.996876e-01
P_rect_03: 7.720706e+02 0.000000e+00 7.462558e+02 -4.349246e+02 0.000000e+00 7.720706e+02 2.552697e+02 0.000000e+00 0.000000e+00 0.000000e+00 1.000000e+00 0.000000e+00
